000000000000000000000000000000000000000000000000000000010000000000000000000001000000000000100000001
000000000000000000000000000000000000000000000000000000000000010000000000000100000000000000000000001
000000000000000000000000000000000000000000000000000000000000100000000001000000000100000000000000101
000000000000000000000000000000000000000000000000000000000000010000000000000010000000000000101000001
000000000000000000000000000000000000000000000000000000000010000000000000000000000000100010000000101
000000000000000000000000000000000000000000000000000000000000000000001000001000000000010000000000011
000000000000000000000000000000000000000000000000000000000000000000000010000000000000001000000100101
000000000000000000000000000000000000000000000000001000000010000000000000001000000000000010000000111
000000000000000000000000000000000000000000000000000000010000000000000000010000000000000001000001001
000000000000000000000000000000000000000000000100000000000000000000000000000000010000000000100100011
000000000000000000000000000000000000000000000000000000000000000000100000010000100000000000000000011
000000000000000000000000000000000000000000000000000000000000000000100000010000000000000100000000001
000000000000000000000000000000000000000000000000000000000000000100000110000000000000000000000000001
000000000000000000000000000000000000000000000000000100000000000000000000000000000000100000000000011
000000000000000000000000000000000000000000000000010000000000000000000000010000000000010000000100001
000000000000000000000000000000000000000000000000000000000100000000000000000100100000000100000010011
000000000000000000000000000000000000000000000000000000010000000000000000000010000001000000000100111
000000000000000000000000000000000000000000000000000000000000100000000000000001000010000000000010001
000000000000000000000000000000000000000000000000000000000000000001000000000000010000000100001000101
000000000000000000000000000000000000000000000000000000000000000000001000000000100000000100000000001
000000000000000000000000000000000000000000000000000000000000000000100000001000000000000001000000001
000000000000000000000000000000000000000000000000000000000010000000000000000000010000000000000100011
000000000000000000000000000000000000000000000000000000000000000000000100010000000100000000001000001
000000000000000000000000000000000000000000000000000000000000100000001000000000000010000100000000001
000000000000000000000000000000000000000000000001000000000000000000000100000000000000110000100010001
000000000000000000000000000000000000000000000000000000000000010100000000000000001000000000011001011
000000000000000000000000000000000000000000001000000000000000000000000000001000000001001000000000001
000000000000000000000000000000000000000000000000000000000001000000000000001000000000010001000000001
000000000000000000000000000000000000000000000000000000000000000000100000010000000000010000001100011
000000000000000000000000000000000000000000000000000000000000100000000000000000010000010000100100111
000000000000000000000000000000000000000000000000000000000000000000000100000000110000000000001000101
000000000000000000000000000000000000000000000000000000000000000000000100000001000000101000000010001
000000000000000000000000000000000000000000000000001000000000000000000000000000001000101000000010111
000000000000000000000000000000000000000000000000000000000000000000000100000000001000100000000011101
000000000000000000000000000000000000000000000000000000000000000000000000001010000000000100000100111
000000000000000000000000000000000000000000000000000000000000000000100000000000001000000001100001011
000000000000000000000000000000000000000000000000000000000000000000001000000000000010000101000000001
000000000000000000000000000000000000000000000000000000000000000000000000010000000010000010000000111
000000000000000000000000000000000000000000000000000000000000000000000000000100001000000000010000011
000000000000000000000000000000000000000000000000000000000000000000000000010000001000000000000000011
000000000000000000000000000000000000000000000000000000000000000000000000100000001000000000000000001
000000000000000000000000000000000000000000000000000000000000000000000000001001000000000000010001001
000000000000000000000000000000000000000000000000000000000000000000000000000010000000010000000000001
000000000000000000000000000000000000000000000000000000000000000000000000100000000001100000000000001
000000000000000000000000000000000000000000000000000000000000000000000001000000000001010000000000001
000000000000000000000000000000000000000000000000000000000000001000000000000000010000000001000000101
000000000000000000000000000000000000000000000000000000000000000000000000000000100001000000000000001
000000000000000000000000000000000000000000000000000000000000000000000000000001000010000001000100001
000000000000000000000000000000000000000000000000000000000000000000000000000100000010000001000000111
000000000000000000000000000000000000000000000000000000000100000000000000000100000000000000000110111
000000000000000000000000000000000000000000000000000000000000000000000001000000100000000000010000011
000000000000000000000000000000000000000000000000000000000000000000000000000001000000000000000100011
000000000000000000000000000000000000000000000000000000000000000000000000000101000000000000001110001
000000000000000000000000000000000000000000000000000000000000000000000000000001000000100000001000001
000000000000000000000000000000000000000000000000000000000000000000000100000000000001001000000000101
000000000000000000000000000000000000000000000000000000000000000000001000000000000000000000010000011
000000000000000000000000000000000000000000000000000000000000000000000000000000100000000000001001001
000000000000000000000000000000000000000000000000000000000000000000000000100000000000100010010000001
000000000000000000000000000000000000000000000000000000000000000000000000100000000000010010000000001
000000000000000000000000000000000000000000000000000000000000000000000000001000000000010000000001011
000000000000000000000000000000000000000000000000000000000000000000000000000001000000100000100000101
000000000000000000000000000000000000000000000000001000000000000000000000000000000100000000010101001
000000000000000000000000000000000000000000000000000000000000000000000010000000100000000000011000001
000000000000000000000000000000000000000000000000000000000000000000000000000101000000000000100000101
000000000000000000000000000000000000000000000000000000000000000000000000110000100000000000000001101
000000000000000000000000000000000000000000000000000000000000000000000001000000000101000000000000111
000000000000000000000000000000000000000000000000000000000000000010000000000000010000010000000000011
000000000000000000000000000000000000000000000000000000000000000000000000010000010000000001001000001
000000000000000000000000000000000000000000000000000000000000000000000010000000001000000000010010011
000000000000000000000000000000000000000000000000000000000000000000000010000100000000000010010010011
000000000000000000000000000000000000000000000000000000000000000001000000000000100000001001000000111
000000000000000000000000000000000000000000000000000000000000000000001000001000010000000001000000011
000000000000000000000000000000000000000000000000000000001000000000000000000100000000000000000001001
000000000000000000000000000000000000000000000000000000000000000000100000000000000000010000010000101
000000000000000000000000000000000000000000000000000001000000000000000000000010001000000000000100001
000000000000000000000000000000000000000000000000000000000000000010000000001000010001000000000000101
000000000000000000000000000000000000000000000000000000010000000010000000000000001000000000001000001
000000000000000000000000000000000000000000000000000000000100000000000001000000000010000000001001001
000000000000000000000000000000000000000000000000000000010000000001000000000001000000000000010001001
000000000000000000000000000000000000000000000000000000000000100000000000000000010000000000000100011
000000000000000000000000000000000000000000000000000000000000000000000100000000000100001000000000001
000000000000000000000000000000000000000000000000000000000000000000001000000001000000001000000000101
000000000000000000000000000000000000000000000000000000000000000010000000000001000001000000000000011
000000000000000000000000000000000000000000000000000100000000000000000000110000000000000000000000011
000000000000000000000000000000000000000000000000000000000010000000000010000000000000100000000100011
000000000000000000000000000000000000000000000000000000000000000000000001000000000000001000001000001
000000000000000000000000000000000000000000000000000000000000000000000100100000000000000000000010101
000000000000000000000000000000000000000000000000000000000000100000000000000100000000010000000000001
000000000000000000000000000000000000000000000000000000000000000000001100000000000000000000100000011
000000000000000000000000000000000000000000000000000000000000000010000000000000110000000000000000001
000000000000000000000000000000000000000000000000000000000000000001000000000000001000000010000101001
000000000000000000000000000000000000000000000000000001000000000000010000000000010000000000010000011
000000000000000000000000000000000000000000000000000000000000100000000000010000000000000010000101111
000000000000000000000000000000000000000000000001000000000000000000000100000000000010000000000010111
000000000000000000000000000000000000000000000000000000000000000000000000001000000010000000000000011
000000000000000000000000000000000000000000000000000000000100000000000000000000000001000000000001001
000000000000000000000000000000000000000000000000000000000000000000000010000000000100000000010000011
000000000000000000000000000000000000000000000000000000000000000000010000010000010000000000001000111
000000000000000000000000000000000000000000000000000000000000000010000000000000000010001000000000001